38572
44137
28025
48052
11866
30106
53565
49055
44843
33071
60739
62047
58302
17849
24968
48052
2558
35042
31693
6300
3919
36855
31054
23981
1376
62644
62083
27791
31518
45695
63509
14253
6261
18523
52621
19165
15071
22245
49150
51528
52233
4680
34731
24348
52258
60856
49752
15655
32808
43050
16200
47501
61609
29153
26261
20650
14928
32533
65215
26297
26945
58551
52647
46795
54429
62217
29297
9852
51480
30447
42229
14335
21828
12867
7562
55909
36795
18755
33418
30227
45801
29996
25704
35688
51828
2398
14636
2823
3491
45791
61716
4824
34242
35528
59944
22323
19377
18691
21569
36830
